=====================================================================================
            Callaway-Sant'Anna Staggered Difference-in-Differences Results           
=====================================================================================

Total observations:                  2568
Treated units:                          4
Control units:                          4
Treatment cohorts:                      1
Time periods:                         321
Control group:                 never_treated
Base period:                      varying

-------------------------------------------------------------------------------------
                   Overall Average Treatment Effect on the Treated                   
-------------------------------------------------------------------------------------
Parameter           Estimate    Std. Err.     t-stat      P>|t|   Sig.
-------------------------------------------------------------------------------------
ATT                  -6.1909       3.6111     -1.714     0.0865      .
-------------------------------------------------------------------------------------

95% Confidence Interval: [-13.2686, 0.8867]

-------------------------------------------------------------------------------------
                            Event Study (Dynamic) Effects                            
-------------------------------------------------------------------------------------
Rel. Period         Estimate    Std. Err.     t-stat      P>|t|   Sig.
-------------------------------------------------------------------------------------
-28                   0.7500       1.2437      0.603     0.5465       
-27                 -17.0000       1.6583    -10.251     0.0000    ***
-26                  14.0000       2.5434      5.504     0.0000    ***
-25                  -0.7500       0.5449     -1.376     0.1687       
-24                   1.0000       0.4677      2.138     0.0325      *
-23                  -0.5000       0.9682     -0.516     0.6056       
-22                   2.5000       3.1721      0.788     0.4306       
-21                   0.7500       1.3863      0.541     0.5885       
-20                   1.0000       0.7706      1.298     0.1944       
-19                   1.0000       2.2569      0.443     0.6577       
-18                  -2.0000       1.8625     -1.074     0.2829       
-17                  -0.5000       0.9682     -0.516     0.6056       
-16                   1.7500       0.7395      2.366     0.0180      *
-15                  -1.0000       0.7906     -1.265     0.2059       
-14                  -1.0000       1.2247     -0.816     0.4142       
-13                   0.7500       0.6960      1.078     0.2812       
-12                   0.0000       0.9354      0.000     1.0000       
-11                  -0.2500       0.2165     -1.155     0.2482       
-10                  -0.7500       1.0232     -0.733     0.4635       
-9                   -2.0000       0.7706     -2.596     0.0094     **
-8                    3.0000       1.7678      1.697     0.0897      .
-7                   -0.2500       1.0533     -0.237     0.8124       
-6                    0.0000       2.3452      0.000     1.0000       
-5                   -1.5000       0.6614     -2.268     0.0233      *
-4                   -0.5000       0.3062     -1.633     0.1025       
-3                   -1.0000       0.6124     -1.633     0.1025       
-2                   -0.2500       1.7275     -0.145     0.8849       
-1                    1.2500       3.3981      0.368     0.7130       
0                     0.5000       1.7854      0.280     0.7794       
1                    -4.2500       2.4969     -1.702     0.0887      .
2                    -8.7500       2.5951     -3.372     0.0007    ***
3                    -9.5000       2.9315     -3.241     0.0012     **
4                    -9.5000       2.8886     -3.289     0.0010     **
5                   -11.0000       3.5178     -3.127     0.0018     **
6                    -8.5000       3.6529     -2.327     0.0200      *
7                    -6.2500       4.4634     -1.400     0.1614       
8                   -16.0000       5.5985     -2.858     0.0043     **
9                   -13.7500       4.8007     -2.864     0.0042     **
10                  -13.2500       4.4983     -2.946     0.0032     **
11                  -13.0000       4.2975     -3.025     0.0025     **
12                  -13.0000       4.6871     -2.774     0.0055     **
13                  -10.0000       4.4159     -2.265     0.0235      *
14                   -5.7500       4.7484     -1.211     0.2259       
15                  -13.5000       4.9339     -2.736     0.0062     **
16                  -13.0000       4.7037     -2.764     0.0057     **
17                  -12.5000       4.6199     -2.706     0.0068     **
18                  -11.5000       3.9449     -2.915     0.0036     **
19                  -10.7500       4.9545     -2.170     0.0300      *
20                   -6.0000       4.4159     -1.359     0.1742       
21                   -3.2500       4.7021     -0.691     0.4894       
22                  -11.7500       5.3077     -2.214     0.0268      *
23                  -11.2500       4.9165     -2.288     0.0221      *
24                  -11.2500       4.8910     -2.300     0.0214      *
25                  -11.5000       4.8830     -2.355     0.0185      *
26                   -8.7500       5.2782     -1.658     0.0974      .
27                   -5.7500       3.9980     -1.438     0.1504       
28                    1.0000       4.1533      0.241     0.8097       
29                  -11.5000       4.8445     -2.374     0.0176      *
30                  -10.7500       4.4774     -2.401     0.0164      *
31                  -10.7500       4.5466     -2.364     0.0181      *
32                  -10.7500       4.6419     -2.316     0.0206      *
33                  -10.5000       4.8023     -2.186     0.0288      *
34                   -7.0000       4.4721     -1.565     0.1175       
35                   -1.2500       4.6553     -0.269     0.7883       
36                  -10.2500       4.6216     -2.218     0.0266      *
37                  -10.0000       4.2242     -2.367     0.0179      *
38                   -9.7500       4.0136     -2.429     0.0151      *
39                   -8.7500       4.3139     -2.028     0.0425      *
40                  -10.2500       4.6216     -2.218     0.0266      *
41                   -6.0000       3.7207     -1.613     0.1068       
42                   -4.5000       4.9339     -0.912     0.3617       
43                  -10.5000       4.4265     -2.372     0.0177      *
44                   -9.5000       4.1155     -2.308     0.0210      *
45                   -9.7500       4.2482     -2.295     0.0217      *
46                   -9.7500       4.3999     -2.216     0.0267      *
47                   -9.7500       4.2482     -2.295     0.0217      *
48                   -7.2500       3.5860     -2.022     0.0432      *
49                   -4.0000       4.3120     -0.928     0.3536       
50                  -10.5000       4.3409     -2.419     0.0156      *
51                  -10.2500       4.1136     -2.492     0.0127      *
52                  -11.0000       4.0889     -2.690     0.0071     **
53                  -10.7500       3.9430     -2.726     0.0064     **
54                  -10.5000       4.3229     -2.429     0.0151      *
55                   -8.0000       3.7583     -2.129     0.0333      *
56                   -4.5000       4.4931     -1.002     0.3166       
57                  -11.2500       4.4423     -2.532     0.0113      *
58                  -10.7500       3.9111     -2.749     0.0060     **
59                  -11.0000       3.9171     -2.808     0.0050     **
60                  -10.7500       3.9430     -2.726     0.0064     **
61                  -10.2500       4.0755     -2.515     0.0119      *
62                   -7.0000       3.4955     -2.003     0.0452      *
63                   -5.2500       4.3139     -1.217     0.2236       
64                  -11.2500       4.3283     -2.599     0.0093     **
65                  -10.7500       3.6975     -2.907     0.0036     **
66                  -10.5000       3.7832     -2.775     0.0055     **
67                  -10.2500       3.5773     -2.865     0.0042     **
68                   -9.7500       3.5245     -2.766     0.0057     **
69                   -7.2500       3.3611     -2.157     0.0310      *
70                   -2.7500       3.7144     -0.740     0.4591       
71                   -2.0000       1.7678     -1.131     0.2579       
72                   -9.7500       3.7479     -2.601     0.0093     **
73                   -9.7500       3.8871     -2.508     0.0121      *
74                  -10.2500       3.8710     -2.648     0.0081     **
75                  -10.7500       4.1590     -2.585     0.0097     **
76                   -7.2500       3.0797     -2.354     0.0186      *
77                   -4.0000       4.0311     -0.992     0.3211       
78                  -10.2500       4.0136     -2.554     0.0107      *
79                  -10.2500       3.7811     -2.711     0.0067     **
80                  -10.0000       3.8689     -2.585     0.0097     **
81                   -9.2500       3.6636     -2.525     0.0116      *
82                   -9.2500       4.0678     -2.274     0.0230      *
83                   -3.7500       3.3981     -1.104     0.2698       
84                   -1.2500       4.2186     -0.296     0.7670       
85                   -9.2500       3.9824     -2.323     0.0202      *
86                   -9.0000       3.7081     -2.427     0.0152      *
87                   -9.2500       3.9350     -2.351     0.0187      *
88                   -9.5000       3.8038     -2.498     0.0125      *
89                   -8.2500       3.5333     -2.335     0.0195      *
90                   -3.7500       3.0695     -1.222     0.2218       
91                   -1.0000       4.1833     -0.239     0.8111       
92                   -8.7500       3.8548     -2.270     0.0232      *
93                   -8.2500       3.6379     -2.268     0.0233      *
94                   -8.5000       3.5620     -2.386     0.0170      *
95                   -8.0000       3.5663     -2.243     0.0249      *
96                   -7.7500       3.9588     -1.958     0.0503      .
97                   -1.7500       3.1100     -0.563     0.5736       
98                    1.2500       4.2921      0.291     0.7709       
99                   -7.7500       4.1060     -1.887     0.0591      .
100                  -7.2500       3.8790     -1.869     0.0616      .
101                  -7.0000       3.6912     -1.896     0.0579      .
102                  -6.5000       3.7039     -1.755     0.0793      .
103                  -6.7500       3.8629     -1.747     0.0806      .
104                  -1.7500       3.1893     -0.549     0.5832       
105                   1.2500       4.1665      0.300     0.7642       
106                  -6.0000       4.0427     -1.484     0.1378       
107                  -5.5000       3.8324     -1.435     0.1513       
108                  -5.7500       3.7976     -1.514     0.1300       
109                  -4.5000       3.0974     -1.453     0.1463       
110                  -2.2500       1.9961     -1.127     0.2597       
111                   1.0000       2.2638      0.442     0.6587       
112                   2.2500       4.2628      0.528     0.5976       
113                  -5.2500       3.9980     -1.313     0.1891       
114                  -5.7500       3.9350     -1.461     0.1440       
115                  -5.7500       3.9031     -1.473     0.1407       
116                  -5.2500       3.9430     -1.331     0.1830       
117                  -6.5000       4.5208     -1.438     0.1505       
118                   0.5000       3.4551      0.145     0.8849       
119                   1.7500       4.9984      0.350     0.7263       
120                  -5.2500       4.4423     -1.182     0.2373       
121                  -4.7500       4.1212     -1.153     0.2491       
122                  -5.2500       4.0292     -1.303     0.1926       
123                  -5.0000       3.9211     -1.275     0.2023       
124                  -4.7500       4.0755     -1.166     0.2438       
125                   0.7500       3.7894      0.198     0.8431       
126                   1.5000       5.1690      0.290     0.7717       
127                  -6.0000       4.4017     -1.363     0.1728       
128                  -5.0000       4.1041     -1.218     0.2231       
129                  -5.2500       4.0136     -1.308     0.1909       
130                  -5.0000       3.8202     -1.309     0.1906       
131                  -5.0000       3.8689     -1.292     0.1962       
132                   1.7500       3.9191      0.447     0.6552       
133                   2.5000       4.9339      0.507     0.6124       
134                  -5.7500       4.4564     -1.290     0.1970       
135                  -5.2500       4.1288     -1.272     0.2035       
136                  -5.5000       3.8365     -1.434     0.1517       
137                  -6.0000       3.9211     -1.530     0.1260       
138                  -5.5000       3.9961     -1.376     0.1687       
139                   1.5000       3.8324      0.391     0.6955       
140                   1.5000       5.8497      0.256     0.7976       
141                  -5.5000       4.3229     -1.272     0.2033       
142                  -8.7500       4.6351     -1.888     0.0591      .
143                  -6.7500       4.0524     -1.666     0.0958      .
144                  -6.2500       3.8058     -1.642     0.1005       
145                  -6.0000       3.8243     -1.569     0.1167       
146                   0.5000       3.4187      0.146     0.8837       
147                   1.5000       5.2052      0.288     0.7732       
148                  -6.0000       4.0117     -1.496     0.1348       
149                  -5.7500       3.7228     -1.545     0.1225       
150                  -6.0000       3.6401     -1.648     0.0993      .
151                  -6.0000       3.5311     -1.699     0.0893      .
152                  -5.5000       3.5134     -1.565     0.1175       
153                   0.2500       3.7728      0.066     0.9472       
154                  -1.2500       5.2545     -0.238     0.8120       
155                  -6.5000       3.9765     -1.635     0.1021       
156                  -6.2500       3.6379     -1.718     0.0858      .
157                  -7.0000       3.6401     -1.923     0.0545      .
158                  -6.5000       3.6700     -1.771     0.0765      .
159                  -7.2500       3.8140     -1.901     0.0573      .
160                   0.2500       3.6293      0.069     0.9451       
161                   1.0000       4.7664      0.210     0.8338       
162                  -7.5000       3.9765     -1.886     0.0593      .
163                  -6.5000       3.7375     -1.739     0.0820      .
164                  -6.5000       4.0117     -1.620     0.1052       
165                  -6.5000       4.0582     -1.602     0.1092       
166                  -7.7500       3.9271     -1.973     0.0484      *
167                  -0.5000       3.6185     -0.138     0.8901       
168                   2.7500       5.0544      0.544     0.5864       
169                  -8.0000       4.2426     -1.886     0.0593      .
170                  -7.5000       3.8851     -1.930     0.0535      .
171                  -7.7500       3.5333     -2.193     0.0283      *
172                  -7.0000       3.5311     -1.982     0.0474      *
173                  -6.2500       3.2668     -1.913     0.0557      .
174                   3.2500       2.7358      1.188     0.2348       
175                   3.2500       4.3499      0.747     0.4550       
176                   0.0000       1.7678      0.000     1.0000       
177                  -7.5000       3.5795     -2.095     0.0361      *
178                  -8.0000       3.8202     -2.094     0.0362      *
179                  -8.2500       3.9430     -2.092     0.0364      *
180                  -7.7500       3.7562     -2.063     0.0391      *
181                   1.7500       3.3518      0.522     0.6016       
182                   1.2500       4.7087      0.265     0.7907       
183                  -9.0000       4.1646     -2.161     0.0307      *
184                  -7.5000       3.7207     -2.016     0.0438      *
185                  -7.2500       3.7811     -1.917     0.0552      .
186                  -7.2500       4.0524     -1.789     0.0736      .
187                  -8.0000       3.8851     -2.059     0.0395      *
188                   2.2500       3.2380      0.695     0.4871       
189                   2.7500       4.8782      0.564     0.5729       
190                  -7.5000       4.5104     -1.663     0.0963      .
191                  -6.2500       4.2482     -1.471     0.1412       
192                  -8.0000       3.7708     -2.122     0.0339      *
193                  -7.5000       3.9171     -1.915     0.0555      .
194                  -7.2500       3.9350     -1.842     0.0654      .
195                   2.0000       3.4050      0.587     0.5569       
196                   2.2500       4.6216      0.487     0.6264       
197                 -10.7500       4.8974     -2.195     0.0282      *
198                  -8.2500       3.9509     -2.088     0.0368      *
199                  -8.0000       3.5311     -2.266     0.0235      *
200                  -7.7500       3.4073     -2.275     0.0229      *
201                  -8.0000       3.6185     -2.211     0.0270      *
202                   2.5000       3.3448      0.747     0.4548       
203                   2.2500       4.3283      0.520     0.6032       
204                  -8.5000       4.2057     -2.021     0.0433      *
205                  -8.0000       3.7249     -2.148     0.0317      *
206                  -8.7500       3.5333     -2.476     0.0133      *
207                  -7.7500       3.6120     -2.146     0.0319      *
208                  -7.0000       3.8243     -1.830     0.0672      .
209                   2.5000       3.4187      0.731     0.4646       
210                   2.0000       4.1345      0.484     0.6286       
211                  -8.7500       3.8871     -2.251     0.0244      *
212                  -7.7500       3.7396     -2.072     0.0382      *
213                  -7.5000       3.4369     -2.182     0.0291      *
214                  -7.7500       3.7060     -2.091     0.0365      *
215                  -8.7500       4.2038     -2.081     0.0374      *
216                   3.0000       2.8886      1.039     0.2990       
217                   3.2500       3.8871      0.836     0.4031       
218                  -8.5000       4.0427     -2.103     0.0355      *
219                  -8.0000       3.4415     -2.325     0.0201      *
220                  -8.2500       3.5067     -2.353     0.0186      *
221                  -7.5000       3.1325     -2.394     0.0167      *
222                  -7.5000       3.8528     -1.947     0.0516      .
223                   3.0000       2.6634      1.126     0.2600       
224                   4.2500       2.9020      1.464     0.1431       
225                  -9.2500       3.9980     -2.314     0.0207      *
226                  -7.7500       3.7728     -2.054     0.0400      *
227                  -7.7500       3.5947     -2.156     0.0311      *
228                  -6.7500       4.6149     -1.463     0.1436       
229                  -8.0000       4.0117     -1.994     0.0461      *
230                   2.0000       2.9738      0.673     0.5012       
231                   0.7500       4.0984      0.183     0.8548       
232                  -9.5000       3.9607     -2.399     0.0165      *
233                  -9.2500       3.8951     -2.375     0.0176      *
234                  -9.0000       3.0822     -2.920     0.0035     **
235                  -9.0000       3.3494     -2.687     0.0072     **
236                  -8.7500       3.6034     -2.428     0.0152      *
237                   1.2500       3.0388      0.411     0.6808       
238                   3.5000       4.1345      0.847     0.3972       
239                  -6.2500       4.8654     -1.285     0.1989       
240                  -7.5000       2.9896     -2.509     0.0121      *
241                  -8.7500       2.5709     -3.404     0.0007    ***
242                  -7.5000       3.6529     -2.053     0.0401      *
243                  -9.0000       3.1967     -2.815     0.0049     **
244                   1.0000       2.3452      0.426     0.6698       
245                   1.7500       3.8304      0.457     0.6478       
246                  -9.7500       3.7894     -2.573     0.0101      *
247                  -9.5000       3.0362     -3.129     0.0018     **
248                 -10.0000       2.8062     -3.563     0.0004    ***
249                  -9.5000       3.0362     -3.129     0.0018     **
250                  -9.5000       3.3819     -2.809     0.0050     **
251                   0.5000       2.3651      0.211     0.8326       
252                   0.0000       3.3354      0.000     1.0000       
253                  -6.0000       4.8990     -1.225     0.2207       
254                  -5.2500       4.4983     -1.167     0.2432       
255                  -3.0000       2.9368     -1.022     0.3070       
256                   3.0000       1.4470      2.073     0.0381      *
257                  -1.5000       2.6101     -0.575     0.5655       
258                   1.2500       2.8146      0.444     0.6570       
259                   1.5000       3.1573      0.475     0.6347       
260                 -12.2500       4.5121     -2.715     0.0066     **
261                 -10.5000       3.4911     -3.008     0.0026     **
262                 -11.5000       3.4776     -3.307     0.0009    ***
263                 -11.2500       3.5947     -3.130     0.0018     **
264                 -12.0000       3.9647     -3.027     0.0025     **
265                  -4.2500       3.2859     -1.293     0.1959       
266                  -1.7500       3.7144     -0.471     0.6375       
267                 -12.2500       4.1136     -2.978     0.0029     **
268                 -11.5000       3.5969     -3.197     0.0014     **
269                 -12.2500       3.4347     -3.567     0.0004    ***
270                 -11.7500       3.6120     -3.253     0.0011     **
271                 -12.0000       4.0156     -2.988     0.0028     **
272                  -3.5000       2.9262     -1.196     0.2317       
273                  -1.5000       3.3819     -0.444     0.6574       
274                 -13.2500       4.4634     -2.969     0.0030     **
275                 -11.2500       3.9509     -2.847     0.0044     **
276                 -13.7500       4.2408     -3.242     0.0012     **
277                 -23.0000       7.4393     -3.092     0.0020     **
278                 -12.5000       4.6971     -2.661     0.0078     **
279                  -3.5000       3.0516     -1.147     0.2514       
280                  -2.7500       4.0831     -0.674     0.5006       
281                  -7.0000       5.1931     -1.348     0.1777       
282                  -6.2500       4.6553     -1.343     0.1794       
283                  -1.7500       1.5562     -1.125     0.2608       
284                   1.5000       2.4174      0.621     0.5349       
285                   2.2500       1.8329      1.228     0.2196       
286                  -1.0000       2.4238     -0.413     0.6799       
287                  -1.2500       3.7144     -0.337     0.7365       
288                  -6.7500       4.2334     -1.594     0.1108       
289                  -5.2500       2.7472     -1.911     0.0560      .
290                  -5.7500       3.4799     -1.652     0.0985      .
291                  -5.0000       4.2242     -1.184     0.2365       
-------------------------------------------------------------------------------------

Signif. codes: '***' 0.001, '**' 0.01, '*' 0.05, '.' 0.1
=====================================================================================
